kinematics:
  shoulder:
    x: 0
    y: 0
    z: 0.1518654487751519
    roll: -0
    pitch: 0
    yaw: 2.239894559377188e-05
  upper_arm:
    x: -7.175549088253898e-05
    y: 0
    z: 0
    roll: 1.570553116344698
    pitch: 0
    yaw: 8.985398462059642e-05
  forearm:
    x: -0.2437823661724956
    y: 0
    z: 0
    roll: 3.137050772234907
    pitch: 3.141142240926309
    yaw: -3.141488680972568
  wrist_1:
    x: -0.2132866096577922
    y: 0.0002779290465146553
    z: 0.1122120808821515
    roll: 3.139115839364436
    pitch: 3.141078103535766
    yaw: 3.141572655858426
  wrist_2:
    x: -1.692002192432133e-05
    y: -0.08531375438533212
    z: -2.961104448050146e-05
    roll: 1.571143410843709
    pitch: 0
    yaw: -6.087791852297378e-06
  wrist_3:
    x: -6.671024635129477e-05
    y: 0.08233934503849985
    z: -0.0001300010901322472
    roll: 1.569217482779907
    pitch: 3.141592653589793
    yaw: -3.141562258244873
  hash: calib_16390904592322404958