kinematics:
  shoulder:
    x: 0
    y: 0
    z: 0.1518383450248454
    roll: -0
    pitch: 0
    yaw: 6.183164328304025e-05
  upper_arm:
    x: -8.846995065727191e-05
    y: 0
    z: 0
    roll: 1.571609322252268
    pitch: 0
    yaw: -7.81039727225865e-05
  forearm:
    x: -0.243547483314611
    y: 0
    z: 0
    roll: 3.140604242925205
    pitch: 3.141181122545982
    yaw: -3.141528763926133
  wrist_1:
    x: -0.2130219367703088
    y: 0.0003268250877014868
    z: 0.1132362885679076
    roll: 3.138706439423604
    pitch: 3.137360564036758
    yaw: 3.14156822585878
  wrist_2:
    x: 3.796536720383512e-05
    y: -0.08532966575286541
    z: -2.442387364249578e-05
    roll: 1.57108255635832
    pitch: 0
    yaw: 8.796743587364573e-06
  wrist_3:
    x: -9.812958598738922e-05
    y: 0.08232820870210363
    z: 4.900579451843639e-06
    roll: 1.570855851707722
    pitch: 3.141592653589793
    yaw: 3.141538023796989
  hash: calib_4800890417487503330